-0.7620426998742347
-0.7809680937157477
-0.7707216071773397
-0.7863620568723142
-0.7819715029116434
-0.7806023353406149
-0.7851463142486976
-0.7822319847870325
-0.7801504141846902
-0.7805001256135808
-0.7659697109047177
-0.7811682167640024
-0.7839517993616179
-0.7771186145285001
-0.7825668838658495
-0.7834152519147148
-0.7735885047913655
-0.7785032184684477
-0.7792607333791075
-0.7814328380795152
-0.7775084650610915
-0.7833271043994228
-0.784455537742438
-0.7780349455167721
-0.7839549314928302
-0.7849736297927887
-0.7747175110602322
-0.7758147758107392
-0.7805674217332008
-0.7833281336886475
-0.7781613075733722
-0.783512388706157
-0.7790381441051706
-0.771888621218537
-0.770730233140597
-0.7816524369931463
-0.7814511680291616
-0.7842330985138051
-0.7792415074182353
-0.790317359783032
-0.7751373545818196
-0.7812542556828861
-0.7829655692702395
-0.782352607606869
-0.7758131133525914
-0.7894352800484958
-0.7785582938362305
-0.7764765605737218
-0.7792698927093487
-0.7872325645950438
-0.7870078171506565
-0.7799987731001301
-0.7849576351705907
-0.7808134296850133
-0.787253539318786
-0.787485704083644
-0.7821909682129893
-0.7740382498365621
-0.782390232053304
-0.7849052952373339
-0.7838024561984398
-0.7716807613513079
-0.786924963672619
-0.7741841400044189
-0.7813605427885806
-0.7884370030497392
-0.7836630683187888
-0.7854307630594752
-0.7808177087341188
-0.7726665748309198
-0.773098471458642
-0.7820736276137512
-0.7870196063043586
-0.7813917267989194
-0.785338540158526
-0.7809928104206578
-0.7823430259984068
-0.7863532344037796
-0.7797568268333401
-0.7757355873662677
-0.7814977563999195
-0.7828895561144162
-0.7829240409419227
-0.7826355510680214
-0.7818882727488585
-0.7850423699837443
-0.7774085117739631
-0.7854293655210918
-0.7818626256768231
-0.7808842449513489
-0.7895265169563084
-0.7788023830650175
-0.7809291170372907
-0.7894000738429197
-0.7859206270821506
-0.783054752423608
-0.7812788377610107
-0.7795032864765168
-0.7776642947434491
-0.7858992643782678
