-0.9765797135813477
-0.9749380012897271
-0.9731847002450911
-0.97358079880927
-0.9743840439869449
-0.9757025997443476
-0.9731547327645036
-0.9770847890545777
-0.9749809173346966
-0.9698606992538017
-0.9741180636096789
-0.9726350580003267
-0.9775417202119081
-0.973916797029253
-0.9734955956212361
-0.9784722830896995
-0.9764708735933492
-0.975129640802096
-0.9762154452353564
-0.9713667428883102
-0.9744959201468908
-0.9791706750016678
-0.9723681643832502
-0.9739756535120043
-0.9743832071587726
-0.9733600448881998
-0.9735671878445737
-0.972932914358408
-0.9755912948547987
-0.9752933937537986
-0.9752244495541145
-0.9741403120851846
-0.9744377851497541
-0.9734885240124789
-0.9738226906934824
-0.9759543944859197
-0.9682152048529955
-0.9721320509105804
-0.9727985202853624
-0.9729336505805217
-0.9698365869750718
-0.9744639683151466
-0.9698339741054502
-0.9742929948278387
-0.9743708015333459
-0.9747177942851604
-0.9735943578753059
-0.9678692997937657
-0.9769398364324982
-0.9669727833425155
-0.972582969633178
-0.9749230970518341
-0.9736639029845884
-0.9711995346468303
-0.9729389516669997
-0.9709465222139393
-0.973225186457831
-0.9717686471931715
-0.9727700037152514
-0.9753246453317808
-0.9779963627074393
-0.97452059658931
-0.967131544787893
-0.9671850844236203
-0.9730987407604954
-0.9741930899040085
-0.9768087822591975
-0.9745391431394277
-0.9738020690650862
-0.9725028736477881
-0.9742981792920682
-0.9730569527425663
-0.9728453721780119
-0.9669907050485975
-0.9723996452863328
-0.9751892408708713
-0.9697099780488612
-0.9742636034320746
-0.9761039384143197
-0.9750530545617466
-0.9771994031418263
-0.9762966905987587
-0.9767242906275875
-0.9682434838441809
-0.9736050567491628
-0.9727100382316913
-0.9754602943817636
-0.9680795810397007
-0.9726741403167889
-0.9772776185512453
-0.9755171094465105
-0.9738475913889848
-0.9736887707645274
-0.976622701415037
-0.9694663802911463
-0.9740979700052996
-0.9685440650549773
-0.9732380982687958
-0.977603722521843
-0.971659930317216
