-1.0058159426599151
-1.0073068103324692
-1.003301201947927
-1.006323000658714
-1.004208798538445
-1.0069208673686345
-1.0040158745890646
-1.0014886885155976
-1.004282647458861
-1.0073722463708696
-1.0047526308021753
-1.0058205996867522
-1.007209328354779
-1.0058209000773048
-1.005083123861194
-1.0030818615565569
-1.0063483733314353
-1.000744262799186
-1.000053246981591
-1.009216014831237
-1.0077684996251097
-1.0047663252584018
-1.0056636828573193
-1.0030177221454406
-1.0084475606019254
-1.0055484977102083
-1.009168258195989
-1.0061393907630072
-1.0055077384983497
-1.0050407438652302
-1.006858095883608
-1.0080075118930958
-1.0039568114266795
-1.0011174600109891
-1.0052597600997795
-1.0054002941533438
-1.0055572109827764
-1.0050734618844306
-0.9960970635489388
-1.0028577690732763
-1.002452177999094
-1.0035398425265554
-1.00392068547539
-1.0085699960304422
-1.0098102445173205
-1.0051215664427677
-1.0058476406761157
-1.0078462621936473
-1.0060075462157432
-1.0023614168205088
-1.008322990102335
-1.0061366786770969
-1.00507278980452
-1.004803376147618
-1.0052129759349948
-1.007720418833041
-1.0029526340301296
-1.0046688908132482
-1.0078542558537684
-1.0067456465886753
-1.008431826139699
-1.0060338913589277
-1.0048131331894545
-1.003453991232823
-1.008007535659364
-1.0073485420147905
-1.0079290772446479
-1.0053004480128322
-1.0001877560822292
-1.00413235636346
-1.0017414427723463
-1.008631795045006
-1.0018105633671208
-0.99044828015671
-1.0036626496444296
-1.0059354131445057
-1.0065773994658374
-1.0078002214075785
-1.0036807007369406
-1.0063834079809197
-1.0063393834345824
-1.0062008180882134
-1.0020411627530912
-1.0087115976195435
-1.0046070680324164
-1.0078549516999473
-1.003472761937781
-1.0060913099709383
-1.0075772202261029
-1.0070778079643357
-1.0060990032405073
-1.002964683935982
-1.006017556115596
-1.0056416230516143
-1.004845479519297
-1.0057851933479098
-1.0036423056879036
-1.0045553502165108
-1.00153243643765
-1.0077374499225513
