-0.9733066343664538
-0.9720367834701642
-0.9737791896013912
-0.9711210548667193
-0.9741798443950822
-0.9755602795695906
-0.972046287677719
-0.9753233403552501
-0.9701740279230164
-0.9666339392245338
-0.9700467164910864
-0.975272410180426
-0.9721520992772814
-0.9710370645195963
-0.9744248293565771
-0.9664401743766939
-0.9711784049365282
-0.9695976486312241
-0.9711931413648849
-0.968822641994558
-0.9742331303823957
-0.9663112632193531
-0.9708706101384705
-0.9709844251308704
-0.9727881036023103
-0.9721842654680379
-0.9704865357365966
-0.9722798294031256
-0.9719215972869457
-0.9716490616724986
-0.9729418079414498
-0.9732530127761105
-0.9691121371160691
-0.9682052233688436
-0.9629409384260776
-0.9757955608614153
-0.9726589095036666
-0.9710468616190517
-0.9730642288337283
-0.9703137899062824
-0.9734699785093508
-0.9701833744450081
-0.9733387138047276
-0.9708786847534705
-0.9721987462526007
-0.9680967289445537
-0.9721642044528145
-0.9730958879081835
-0.9728154053615332
-0.9756050019852918
-0.9728221057303006
-0.9762392806502218
-0.9670014607888842
-0.9739498832589295
-0.9709498071521141
-0.9713394835246083
-0.9705046298347599
-0.9706408934388016
-0.9729352572752008
-0.9696150143016637
-0.9708757866888451
-0.9709470227075578
-0.9709276184765376
-0.9703217626279388
-0.9718378381788639
-0.9742733182933752
-0.9746523990222724
-0.9725158907117089
-0.9753847107408706
-0.9746225672697713
-0.9748782886068588
-0.9767071341045603
-0.9713581044725774
-0.9709417869959789
-0.9745341503808254
-0.9684000650841882
-0.9726384751346213
-0.9751631716622939
-0.9703099767566754
-0.9738060533070854
-0.9754691340629238
-0.9706205992379933
-0.9691574965684631
-0.972198132228149
-0.9682936737567736
-0.9731464677748869
-0.9777654084238256
-0.9734964109259949
-0.9705009803721953
-0.9717196518882709
-0.974049067891481
-0.9711525594366957
-0.9709343713362104
-0.9721999088839481
-0.9738262351713947
-0.9751329001847981
-0.9699730499453818
-0.9704730146709526
-0.9758158485887962
-0.9763850802251379
