-0.8181187267107004
-0.8114604492478681
-0.8108480211967173
-0.8148832400062209
-0.8122049812586782
-0.8151683003815304
-0.8157762240889574
-0.8105884344012688
-0.8112321862880565
-0.8160768869236663
-0.7991243679174069
-0.8139596958880921
-0.8138323188673207
-0.8150561322434144
-0.8151138364745576
-0.8178157237849439
-0.8150901870351279
-0.8162912568401024
-0.8143219523720393
-0.8128564953683381
-0.8072272794048352
-0.8150269857701926
-0.8171299159026018
-0.8093643660763639
-0.8144652310571394
-0.8119942934279152
-0.8109764245710098
-0.808338294408246
-0.8145715084031482
-0.8091507608887705
-0.8130966161510842
-0.8130690410571391
-0.8144283232361749
-0.8109041923313309
-0.8134518849803754
-0.8103500037523619
-0.8053585288243714
-0.8158837355035182
-0.8134308295905102
-0.8109463416512284
-0.8157097363116936
-0.8110199479065467
-0.8112418657412963
-0.8160140758059617
-0.810228080842355
-0.8087813019396197
-0.8069124456237518
-0.8078633019836918
-0.8098190944569084
-0.8099533065227233
-0.8121488644515502
-0.8107204428024444
-0.8076549778930628
-0.8114464192978128
-0.8139433314172055
-0.8076714632819488
-0.8088765570004195
-0.8154441217932202
-0.8066668198345592
-0.8094565771740627
-0.785297116694248
-0.8122570668259395
-0.8104709695429342
-0.8132331612185377
-0.8111100596278868
-0.8143619067220538
-0.8117077983891339
-0.8074140564758074
-0.8128791281023651
-0.8117834536782853
-0.8103760324974136
-0.8006031899881982
-0.8131241045234026
-0.808204460455874
-0.8114820894947739
-0.8093566273048856
-0.8005988473909467
-0.8140114157850842
-0.7995499914175688
-0.8122109100208419
-0.8072855010222972
-0.8158128594824412
-0.8123455976636509
-0.7995327294549872
-0.8088368299999242
-0.8098049332980493
-0.8105328228073925
-0.8047116350263197
-0.8134570703672281
-0.814342700126768
-0.8051474925270388
-0.8036847047736906
-0.820683950506776
-0.8132587532678324
-0.8197861983644219
-0.8114656750362064
-0.8021175568841357
-0.8117483926049791
-0.8171185292791343
-0.8134070401541036
