-1.0131878383776334
-1.0136470777789768
-1.0098302286638834
-1.0143543837978701
-1.0106116676617627
-1.0123218055976837
-1.0126364264205698
-1.0135848436261343
-1.012513877473403
-1.0121252223319501
-1.01478056209917
-1.013234908999857
-1.012552073306229
-1.0126410304876836
-1.0128267702752922
-1.0110059388714572
-1.012101998692223
-1.0096674718482723
-1.0105239078356358
-1.0143192120017899
-1.0154806720194534
-1.0127321970255956
-1.0136451090902494
-1.014560995861439
-1.0100139997627642
-1.011332507850697
-1.0127629067618722
-1.0118197662964001
-1.0130401957624313
-1.0117923705948093
-1.014385284871667
-1.0110404873247683
-1.0124674795241582
-1.014493867643543
-1.0120756090084404
-1.0104458434625159
-1.0123910445116158
-1.0125552393502846
-1.0135733274750305
-1.0124479032639457
-1.0109669776885521
-1.0100357853794335
-1.0119390012088825
-1.014217442653483
-1.0118879991925245
-1.012561380100876
-1.013294693128513
-1.0125358544275918
-1.0114202183466132
-1.0105037575628644
-1.011113947630775
-1.0127143487863803
-1.0096243386035033
-1.0129829543350624
-1.0134802415786015
-1.0116559541327714
-1.0114373012357496
-1.013996771737524
-1.012419976896685
-1.00954852693373
-1.0129435118166976
-1.0121712376061556
-1.0126027419777575
-1.0138738894455273
-1.011102190811941
-1.0138183267089451
-1.012399345288454
-1.0107707770978585
-1.0103610583429252
-1.0101900500806864
-1.0149750346688662
-1.0128475005439428
-1.0137741814630477
-1.0137871849674192
-1.0106621943259813
-1.0101525269208391
-1.0151464749363543
-1.0164006381754076
-1.0112412426523656
-1.012568242854656
-1.013270272133457
-1.0140453297130154
-1.0118860305037973
-1.0125609974258363
-1.0103826959689648
-1.0114879699072779
-1.0142007917695963
-1.0127394917846249
-1.0151788633634187
-1.0125275536507536
-1.01476607124153
-1.0094168625294355
-1.0119330517958107
-1.0108628569764786
-1.013016157442415
-1.01448216015492
-1.0098172251595112
-1.0115369105578091
-1.010803788867692
-1.0110934580298538
