-1.0056254078479965
-1.012739455732782
-1.000943375047292
-1.0051103540503061
-1.00600304763412
-1.005465835335828
-1.0100159173525238
-1.0029917961130237
-1.003343726133136
-1.013407591973777
-1.012796045000044
-1.0031676289810632
-1.0028920119689892
-1.0077118715952444
-1.0072206791612286
-1.0126396001435019
-1.0069586076693315
-1.0032275142479792
-1.002142672677146
-1.007521742028398
-1.0096980807541351
-1.0091698120864092
-1.0081617356357706
-1.0181941289585061
-1.007632859464585
-1.0026647697984563
-1.0099147759370575
-1.0114250717697526
-1.0044705427340568
-1.0031356265825533
-1.006747279108016
-1.0091491460969755
-1.0077277737352066
-1.0035465642582417
-1.0065450612800102
-1.0041627410679776
-1.0061302306089055
-1.0065934272164077
-1.0067168009930718
-1.004654774963372
-1.006789030495985
-1.0047267363918735
-1.0033970456140038
-1.005589203785219
-1.012492196694762
-1.0079698160906694
-1.0083829697059985
-1.003121732496321
-0.9976041023552282
-1.0053887660893792
-0.997437363672107
-1.001254242537977
-1.0070343861991862
-1.0057706947337162
-1.009213559703533
-1.011316880053365
-1.0001449050039541
-1.0062016789370578
-1.0063766213569818
-1.002329740209765
-1.0073972324120721
-1.0007324222699847
-1.0111861058296951
-1.0036266435614942
-1.0042943319147948
-1.0115111381254573
-1.0053917422065717
-1.002759146722106
-1.0056884385451983
-1.0051822983194516
-1.0080918477411447
-1.0029897224454025
-1.0080199359103441
-1.0056191574449493
-1.0082070494196578
-1.0030122717771386
-1.0047145336638317
-1.0084380142528058
-1.002201049444823
-1.0039405344779608
-1.0051446002367312
-1.0056156581138276
-1.0083009189330605
-1.010652243009747
-1.008079100786948
-1.0052929944749336
-1.0004189820193905
-1.0063667609463096
-1.004109879230283
-1.0056662957576683
-0.9986371315694025
-1.001272173948895
-1.002145355215748
-1.0066659405424323
-1.0076456869460526
-1.0017320841784776
-1.00901770717954
-1.003259892351735
-1.002993812688457
-1.004626468966741
