-1.0102643250669812
-1.0114357645522716
-1.0150144278570203
-1.0099135264302057
-1.0115599428600162
-1.0161430674423704
-1.0143273214411082
-1.014554805780638
-1.012943943821947
-1.0096545176741105
-1.010452175550627
-1.0110971054093685
-1.0086864748781246
-1.0140647146357082
-1.0107307605669347
-1.0104147017209897
-1.0163445447731565
-1.0114231930531494
-1.005593008653252
-1.0162993935094502
-1.016721973761445
-1.0123411905203756
-1.0085985237144781
-1.0085665672926634
-1.0101769972461043
-1.0053504101133135
-1.0071005645801587
-1.0088232246849917
-1.0074398470658303
-1.0094423882027195
-1.0009216922395223
-1.0101324693251674
-1.0063591421132028
-1.009222581297259
-1.013387396349902
-1.0171228177269802
-1.0098834893669082
-1.0160329479870156
-1.0189977738443394
-1.0100025329418705
-1.0124683435346569
-1.0106244798286144
-1.0115697309901226
-1.0135707847737438
-1.010411054341475
-1.01142957447147
-1.0118909245688503
-1.0119952859486532
-1.010600632846118
-1.0089067137888341
-1.0063180209040508
-1.0150987809713616
-1.0087435742981838
-1.0081269534817425
-1.011660465522785
-1.0114410906225744
-1.0108681337165715
-1.005380015171362
-1.0121995466484555
-1.0118225496654165
-1.0110344885814866
-1.010516711737026
-1.0113343778790043
-1.0053819345298793
-1.009720349876258
-1.0108981707798688
-1.013479618235832
-1.0085495337337371
-1.0162857666623093
-1.009188705516927
-1.0100649584322328
-1.0133965611372395
-1.0075058706054973
-1.0144171919632716
-1.0161194117973937
-1.0104798612501584
-1.0038699165431693
-1.0103237265205982
-1.0057041834566254
-1.0072739242061641
-1.005311208262679
-1.0066347524229744
-1.0112896586205473
-1.0135194434292363
-1.011491999961832
-1.0102027635871185
-1.017004397494787
-1.0072971478458916
-1.015401644975415
-1.0062083334539451
-1.0140992137588096
-1.0088688079539476
-1.0144785621056156
-1.0188550746244003
-1.0105326899479334
-1.0078149246903518
-1.018270410229774
-1.0118244690239337
-1.0108029741874027
-1.0092255560037948
