-0.8851858509949033
-0.8900131784877479
-0.8875617627045485
-0.8809586460271781
-0.8764377761340241
-0.8771204403355228
-0.8868500036483775
-0.8846049201927273
-0.8775248723071383
-0.8794559613605875
-0.8822352531379289
-0.8855534704953616
-0.8839381897693008
-0.8823945288526931
-0.8869429811295033
-0.8872646826786821
-0.8875857680351651
-0.8864412200731773
-0.8721792788561873
-0.8856619694251415
-0.8788164937267979
-0.8889970632576976
-0.8860092907021964
-0.8747512541047591
-0.8864136289355184
-0.8833959600260486
-0.8848124420563035
-0.8882893624793331
-0.8918943596366788
-0.8900301669480077
-0.8774967874800135
-0.8743202707562614
-0.8849391241733382
-0.8900922648777616
-0.8856331412507283
-0.886975537359501
-0.8862196007132006
-0.8816557870217261
-0.8801079106933662
-0.8853086257632263
-0.8918920148429856
-0.8825682670773423
-0.878374578388458
-0.8909618954522334
-0.8818971067177754
-0.8885482509005709
-0.8849684742840322
-0.8869086075907799
-0.8837952845899257
-0.89274203345281
-0.8737074231386786
-0.8788863863216423
-0.8879004793596326
-0.8852044091234412
-0.8824645852239494
-0.8872358596474272
-0.8782144073791422
-0.8879957092230129
-0.8923976984618323
-0.886600056333287
-0.8784479681828627
-0.8892377605402397
-0.8862912596795893
-0.8829066468713966
-0.8846025333856558
-0.8828188325357147
-0.8831329042397558
-0.884891843827625
-0.8891833473645097
-0.8917056764682749
-0.8855023950122827
-0.8855094543466167
-0.8820584718878892
-0.8817555324606989
-0.8864780563373174
-0.887421371015511
-0.8834401298132715
-0.8885741536076608
-0.8819448089130018
-0.8862102605030611
-0.8716917842521146
-0.8870261473533372
-0.8806244523247746
-0.8887974198097024
-0.8856185085097203
-0.8870767158087229
-0.8843189836339036
-0.8817885693087346
-0.881036620539648
-0.8797368729795865
-0.878952843599619
-0.8863066298888125
-0.8722446450263042
-0.8882874061185817
-0.8818566525657228
-0.8884633932116315
-0.8795604699660098
-0.8813191815915644
-0.88838732251841
-0.8858725592096477
