-1.0553325043405783
-1.0541325450435572
-1.0565975589953436
-1.0550616341591736
-1.0544451958961791
-1.0537156561597876
-1.0557366937698942
-1.05354018778999
-1.056894013410417
-1.0558910559583379
-1.0556573957334545
-1.0550884142083838
-1.0539212478575395
-1.0574240059664342
-1.0554035199329088
-1.0580709970500228
-1.0561376620044056
-1.057503150298523
-1.0577033122962987
-1.0558785712502037
-1.0571526136300085
-1.0579662684842648
-1.0568424470708488
-1.055174645169041
-1.0557510501529397
-1.0564857754214272
-1.05587550375975
-1.0557069072722003
-1.0575322925572561
-1.0529017255172408
-1.0598711665520801
-1.0550914206568671
-1.0550619099474638
-1.055009699368935
-1.0564755286400258
-1.0567985799783999
-1.0565933567313184
-1.0568213725099054
-1.0545419494265282
-1.0548878227179677
-1.057632726196609
-1.0552855087157058
-1.0580984213381937
-1.0566509970098232
-1.055278790537808
-1.050844334737044
-1.0578019669231198
-1.0568346551613501
-1.0554706090495038
-1.0565955041945208
-1.0579471266402034
-1.0583805193702212
-1.0578230414840635
-1.0555926077844113
-1.0566531444730258
-1.0531283601555261
-1.0544407178438644
-1.052527015176919
-1.0575555756233723
-1.053093727154847
-1.0533892615426699
-1.0528025487353991
-1.0558053471527011
-1.0531651722398179
-1.0566040013849505
-1.052511248232011
-1.0501968531188446
-1.0543104050444374
-1.0548106111027609
-1.0511544402542334
-1.054432618525665
-1.0538711531218026
-1.0561690127683105
-1.0534242629940191
-1.0550192702909655
-1.0543581375706512
-1.0549655248677854
-1.0599006772614834
-1.0554315884600403
-1.0534733450401248
-1.0565606248271118
-1.0561048690582282
-1.0547913155543491
-1.0570569654516708
-1.0548154576057462
-1.0531615215523735
-1.0536599780197249
-1.0543932000639706
-1.053406102219179
-1.0564616944120004
-1.0549349720471906
-1.0558574966892598
-1.055286643489277
-1.0555524524213762
-1.055047829352708
-1.055100347339937
-1.0528700063026653
-1.0554863149524416
-1.054766468222021
-1.0551763631396027
