-0.8549616546557761
-0.8522261327974645
-0.8571988924279368
-0.8558052246278065
-0.856662550817302
-0.8566840765708874
-0.8574842446310966
-0.8597979232005011
-0.85580691984669
-0.8557476609212942
-0.8587945779599289
-0.8595717173782591
-0.8561081819491083
-0.8574805918498936
-0.858105330639962
-0.8496927814703135
-0.8567851366581496
-0.8552150636946525
-0.8585842915321729
-0.8554673765171641
-0.8543626210662287
-0.8583795838265089
-0.8574812611355123
-0.8568124007162541
-0.8573792950884762
-0.8599031309770879
-0.8580591915662683
-0.8582329942451472
-0.860186477333498
-0.854900435620845
-0.8591162581622473
-0.8560786219517045
-0.8592120331347726
-0.8589648270725034
-0.8620453619654849
-0.8576207570975336
-0.8519655145956728
-0.8567410983285428
-0.8559891117319505
-0.8582984259751183
-0.8572474625700706
-0.8521664566184637
-0.8533925847931649
-0.8619114550937679
-0.8583555900444999
-0.8607304264882003
-0.8604775821568316
-0.8580399131166143
-0.8628421184904067
-0.8583674736386455
-0.8594726725593453
-0.8563046528026166
-0.8482033337114117
-0.8533389845984078
-0.8636311801933467
-0.8545116132046
-0.8545043510819454
-0.8559757667799506
-0.8486214054991714
-0.8589653158433526
-0.8482539202981232
-0.8535894618541797
-0.8551467162249329
-0.8571270746308177
-0.8583931370011355
-0.8507614904356482
-0.8606456865458298
-0.8608349858410453
-0.8537988744872032
-0.857901666161935
-0.8556851070553955
-0.8526731445410276
-0.8576534723574878
-0.854751103477499
-0.8581930049285695
-0.8563219980894163
-0.8567050845211752
-0.8589652043309521
-0.8591740812886466
-0.8639832016082094
-0.8633268931047025
-0.8562505490243857
-0.8621168314403691
-0.8557567432730988
-0.8512642250860607
-0.8548848956864883
-0.8600331716189442
-0.8537143791815132
-0.8561953455184315
-0.8574149484390521
-0.8555788128751682
-0.8607133919092498
-0.867547697407067
-0.8584325628667722
-0.8650795000111984
-0.8534834945716492
-0.8647139943230875
-0.8599214050419581
-0.8583271407822612
-0.8550496278119004
