-1.022623575890154
-1.021585488626164
-1.0187924686552292
-1.0203633654480193
-1.0233089992281206
-1.0217389079933024
-1.0196333581517054
-1.0220818705940589
-1.0182855324082039
-1.0185185207947436
-1.0191243120655065
-1.0186989496769003
-1.0204641772852001
-1.0196087679950543
-1.0192991606387571
-1.0199879864994916
-1.018553387113472
-1.0185131562467935
-1.0208358771658486
-1.023266640064592
-1.0219761824897282
-1.0225074746671643
-1.0180101132700656
-1.0161778278328126
-1.0126749626034315
-1.0215995934279671
-1.0182451237423973
-1.0219977669771647
-1.0195581282729258
-1.0194890221309065
-1.0178016980466587
-1.0229241660415513
-1.021822218790586
-1.0207300462428508
-1.012035786767298
-1.0174666711796598
-1.0203937809437313
-1.021852810539499
-1.0228746505890158
-1.0202411644375018
-1.019784563425507
-1.0190999250455024
-1.0217693900881015
-1.017366017197769
-1.0206203420077877
-1.021643514602114
-1.0218362315614749
-1.0213111767825371
-1.0223815888088947
-1.0189223539189105
-1.0136662968559027
-1.0195287274726774
-1.0177854260214707
-1.017726199944322
-1.020257907308503
-1.01992809740555
-1.0200701970828598
-1.0178714473496717
-1.0180590893647106
-1.0165651350604117
-1.0158261636204342
-1.020665174938353
-1.0193852688350704
-1.0192989956413228
-1.0189460595807265
-1.0160243955143944
-1.0147392810700926
-1.0116562996800469
-1.018870741927901
-1.0159199744970864
-1.0176681972205488
-1.0161224749796907
-1.0189414588175632
-1.019718052208383
-1.0187910765694796
-1.0183868710319153
-1.0150822415401364
-1.0190735387907517
-1.021219037252245
-1.0145497320313792
-1.0178405643878707
-1.0205442197127605
-1.017703856518311
-1.0178810833230791
-1.0146091124897147
-1.0163745176617756
-1.016513523589073
-1.0164445003052855
-1.0148339508785302
-1.0190773845160452
-1.013651613571625
-1.014147516090107
-1.0175181550570955
-1.019482791663418
-1.0164294065385449
-1.020346360704715
-1.0152305725441881
-1.0194044770330157
-1.0180634418774186
-1.0218870567238818
