-1.0495569486638239
-1.0531789454258729
-1.05153378235122
-1.052921204191563
-1.0504971119257127
-1.053995667770583
-1.0556954036332875
-1.0511666807944866
-1.0538922276827463
-1.0502391559450819
-1.051879104066079
-1.05488975543485
-1.0488230213386474
-1.053751853426678
-1.048058019037856
-1.0511041013506166
-1.0493219999610193
-1.0470822100856567
-1.0530024959868542
-1.0496949607103694
-1.0533441059722992
-1.0505696917842542
-1.0497375393248973
-1.0518130276391147
-1.0454398387131665
-1.0525319543422846
-1.0536770650629643
-1.0512625437191445
-1.0514279190118911
-1.0492535613245322
-1.0515985092582933
-1.0563678252461943
-1.0518019534928422
-1.0491222674558844
-1.0482379654599683
-1.053528408362787
-1.0505601208622237
-1.0513138342704222
-1.0571736881909524
-1.0502988826448196
-1.0547813151396777
-1.0539028723363784
-1.0559675012506438
-1.056424116004808
-1.0480078022181791
-1.0520275460199364
-1.0529105595379307
-1.0508363597016348
-1.0546880902128328
-1.0534299684822857
-1.0516735123683278
-1.048528775428746
-1.054930186586175
-1.0513494799607326
-1.0516430816316735
-1.052022975305241
-1.0485624273602039
-1.0478987176840464
-1.0527279751180052
-1.0494354404635269
-1.0453920451449834
-1.0512160386288825
-1.0512684029117616
-1.0518130276391147
-1.0464821535849707
-1.0475179650251976
-1.0542366904123242
-1.0497999040224477
-1.047683555064264
-1.0493661428417589
-1.057863472635389
-1.0493937208342803
-1.0525999634861312
-1.0526247497764893
-1.0485044186310284
-1.0510523813066983
-1.0550488420423394
-1.0487925906019933
-1.0478526420864245
-1.0521366305540691
-1.0527077595423422
-1.0509339405968545
-1.054314485224522
-1.0492507085803988
-1.053923517404682
-1.0492431314172206
-1.0516895867219358
-1.051564642580515
-1.0562641704120377
-1.0526951821718284
-1.0503015206426323
-1.0469852734293976
-1.0556899739333112
-1.0523176507077832
-1.0502821640522504
-1.0532715261137575
-1.0495213029735138
-1.0499370570837119
-1.0512627584654652
-1.0561780931557307
