-1.032598575961135
-1.0391754550451087
-1.0364048767718679
-1.0371345539305425
-1.0376138513168947
-1.0393939440543334
-1.0449653812171638
-1.0340534310660792
-1.040903371599693
-1.0403789074114347
-1.0391029980613966
-1.0425172162145024
-1.032960980188372
-1.0359004551263717
-1.035408517235923
-1.0385366526877295
-1.0388033639911212
-1.034563450984976
-1.034301518732571
-1.0341900529446693
-1.0390669228784462
-1.038930047697084
-1.0406840749633322
-1.0427056617448391
-1.0329734718666157
-1.0406135218952617
-1.0415829544025523
-1.0394400431637303
-1.0335665871722512
-1.0342303246458406
-1.0387240417476349
-1.0425151365895617
-1.04149289055918
-1.0339020529412486
-1.0362762890869308
-1.0329304154333907
-1.0363365858244917
-1.0344543585500943
-1.0442177806663833
-1.0367137579629209
-1.035697112408038
-1.0318892490917226
-1.0372217566242314
-1.035574349818742
-1.038830186890493
-1.0451679313674316
-1.0379848710785298
-1.0349433635779095
-1.0367705724615819
-1.0374597414049662
-1.036045427524484
-1.0296674358763511
-1.0347252118341446
-1.0437395143433417
-1.0394696229505693
-1.0379769523090263
-1.0403432485717945
-1.032605001018187
-1.0384523620603994
-1.0379947677115553
-1.0404578183863735
-1.036343033501781
-1.0408794550046971
-1.0373372652749409
-1.0390624440352416
-1.0428506933385115
-1.0368275495202124
-1.039683051119673
-1.0370995518719588
-1.0405953053045849
-1.0406822013948576
-1.0355715151639844
-1.0401574713473374
-1.0395332549412453
-1.0367901733172447
-1.03562602743152
-1.0370491054984357
-1.0366061391475407
-1.036995506708847
-1.0389931762881237
-1.0381407411958947
-1.0343488566199406
-1.0408994165598686
-1.033653441123741
-1.0348192662273101
-1.0417433853527374
-1.0361458897279268
-1.033808239419245
-1.0340123425264627
-1.0367571166034184
-1.0363720323570604
-1.0330783202607203
-1.0424271229379494
-1.0416726368686802
-1.0355959281350116
-1.037654538320726
-1.0328024560511992
-1.0456454631748855
-1.036866088713205
-1.0437687235487978
