-0.9994834426500778
-0.9937719147694144
-0.9982006167145567
-1.0019948489306696
-0.9981699502526418
-1.0004203231355442
-0.9938697047124743
-0.9986190631546006
-0.9954765925622524
-0.9964124632633371
-0.9967360861265742
-0.9940298646385055
-0.9929764873929869
-0.9997929616592443
-0.9972603956474853
-0.9987100461422986
-0.9982964218144026
-0.9938240728305834
-0.9969916442283537
-0.9998883091431938
-0.9972832141135031
-1.0022426862643348
-0.9959534244112636
-0.9997857334376046
-0.9968418459175226
-0.9978749621700786
-0.9967628224846175
-0.9983242132375192
-0.9990410397458869
-0.9996566113617074
-0.9967753911780781
-1.0008244589886692
-1.0000637226267848
-0.9968273354628223
-0.9993487413565649
-1.000640175109153
-0.9913474283925439
-0.9976170925723664
-1.0031165417626384
-0.998314407294818
-0.9976853194720592
-0.9988946368155303
-0.9925394816749273
-0.9947807463886724
-0.9936823738604994
-0.996271813312062
-0.9969392032569022
-0.999641622350455
-0.9970766164157427
-0.999097534527303
-0.9936768607565118
-0.9984883254777375
-0.9980924999857812
-0.9970032749068822
-0.9965317071635125
-0.9983044862208428
-0.9988799030332041
-0.9938573661028953
-1.0000082218040558
-0.9942098119962857
-1.000747233061958
-0.9944681643342437
-0.9982098697522521
-0.9966104358913694
-0.9969443533096558
-0.9990194220142337
-0.9985923204042604
-0.9966369507471091
-0.9978846442869864
-0.9943133624197877
-1.000361073982215
-1.0019512650709594
-0.9997496194598154
-0.9991523699557194
-0.9974084136599735
-0.9972136881074392
-0.9989403532540206
-0.9993642218299632
-0.9940902017955735
-1.0001170912996016
-0.9950731037773053
-0.9956184426252532
-0.999265439126066
-1.0013880316286075
-1.0028642784889947
-1.00121829959092
-0.9997705435916773
-0.997934341187354
-0.9957609262708713
-0.9963301413263368
-1.002595892556276
-1.0005535481188823
-0.994808564853731
-0.9990427005051676
-0.9950755505452165
-0.9960846595003177
-1.000600476039562
-0.9987604028022337
-1.0020776827745816
-0.9970592096313888
