-0.9998261490232556
-0.9923468861564648
-0.9963570753161108
-0.9975529470327253
-0.995114066983176
-0.9913834655462779
-0.9942285564138609
-0.9958891152376694
-0.997299027372857
-0.9946399640071688
-0.9939189974493225
-0.9878721901139171
-0.9903755003106238
-0.9944420132881369
-0.9934661751014975
-0.9888238600232913
-0.9919605182567768
-0.9936416411556128
-0.9942661822219656
-0.9973163598890273
-0.9947805676896337
-0.9968690468652395
-0.9936752046468686
-0.9989949795380628
-0.9940054122017283
-0.9953884585644475
-0.9914848756845935
-0.9981820480415355
-0.9918445073575082
-0.9931127184357453
-0.9929757364798488
-0.9910135640358826
-0.9933939556380609
-0.9952314781165654
-0.994972778625665
-0.9958783192063532
-0.9986355996578817
-0.9988063348044522
-0.9960669365556847
-0.9946482734807831
-0.9923304201258938
-0.9946325431921599
-0.99114830505451
-0.9952434470675389
-0.9932829945136812
-0.993565889263816
-0.9931118021944276
-0.9985213609917836
-0.9966126342438795
-0.996475854248356
-0.9925220743969045
-0.9955350107387897
-0.9912509032549057
-0.9989063525454116
-0.9928432865755661
-0.9989092053827651
-0.9943524706879654
-0.9967342529463941
-0.9968006052261125
-0.9916166471121806
-0.9935464806607583
-0.9998697906032854
-0.994110897981568
-0.9963685735903918
-0.9897367586658243
-0.997289609832577
-0.9925982383543426
-0.9984067826677199
-0.9962084486427034
-0.9928941898886512
-0.9951554784017631
-0.9942035020583313
-0.9972249422028769
-0.9909665094381619
-0.9983502763272984
-1.0001213386658787
-0.996203535494683
-0.9879014098375385
-0.9941248352098144
-0.992107125354522
-1.0004336449649829
-0.9991906535992219
-0.9993500573902292
-0.9971138866962506
-0.9938284209382697
-0.9964070204183328
-0.9923432165440795
-0.9943560202819341
-0.9997773159504248
-0.9969435194171523
-0.9995169559030042
-0.9968506953821761
-0.9894617911349981
-0.999306834349267
-0.996704182795473
-0.9950461731537357
-0.9985137920620781
-1.0024098149633014
-0.9981831246253989
-0.9980748578657281
