-0.9986027430652691
-0.9910357177448832
-1.0020779607842913
-0.998998672162688
-0.9992543913633638
-1.0023453582014616
-1.000098987377107
-0.9989783044398932
-0.9970440751914935
-0.9939380697373483
-0.9954653637517443
-1.0015211299105131
-0.9952587215798692
-1.0005196170673367
-0.9980609270412697
-0.9992069826512058
-0.9960565809613648
-0.9958122158203631
-0.9902792421226192
-0.9990437404782937
-0.9983420189146672
-1.0033568809444908
-0.9949866433695931
-0.998412459902994
-1.0005736990460634
-0.9959430878971638
-0.9966040740152011
-0.9922441969167561
-0.9982205084240765
-0.9977711694278415
-1.000512271720858
-0.9945560037795109
-0.9957060681026411
-0.9964728777815786
-0.9995595117496607
-0.9965556690663107
-0.9996363018477352
-1.0016309621846087
-0.990427469445752
-0.9957244195857042
-0.9971926266714473
-0.9955718593925558
-0.9959424158172534
-1.001310479025443
-1.0024318340425675
-0.9978976848683581
-0.9997374446155312
-0.9992964472025061
-0.9952126570275319
-0.9975688601259818
-0.9982502139668137
-0.9973418502313118
-0.995090474457031
-0.9985887244522216
-0.9963867498635623
-0.9957351015654676
-1.0014196392196282
-0.9970230353887879
-0.9978299084334046
-0.995021701785346
-0.9936139257880772
-0.9991742646320052
-1.0049212258481028
-1.0014917485245969
-0.9995234570971763
-0.9955184494937399
-0.9969245571743666
-1.0001023240103915
-0.995197294254663
-0.9975107694340608
-0.9953945986065964
-1.0000265539153173
-1.0002004780679923
-0.994814063376739
-0.9981100040700703
-0.9983900997067356
-0.9988784820656502
-0.997782175564426
-1.0031225257033416
-0.9976673383404038
-1.0006424717177482
-0.9988784820656502
-0.9988060486038606
-0.9963366765980304
-0.9941584063654503
-1.0024288215661044
-0.998429815149326
-1.0016396279246405
-0.9945226136804
-0.9965122690673476
-0.9988855032553083
-0.9929048588779714
-0.9928113856134759
-0.9904531662752944
-0.996969625489972
-1.0000742867842967
-0.9999774768865166
-0.9932006414443264
-0.9933952574766174
-1.0023714029540938
