-0.8905219879151991
-0.889692824413471
-0.8879770000905849
-0.8863058336406435
-0.8904255564645278
-0.8884588624035576
-0.8866167428347529
-0.8888223665582349
-0.8875502748747757
-0.88621050040036
-0.8883728383686849
-0.8880049793305871
-0.8886350635971039
-0.8870558668680095
-0.8884567959339833
-0.8868342383818066
-0.887256683782121
-0.8862181437352912
-0.8883351092942338
-0.887495466568287
-0.8907296267814011
-0.889023659139367
-0.8844603855903848
-0.8892430742796493
-0.8908959712940949
-0.8884479075123184
-0.8886553995021744
-0.8864888567862796
-0.890770298591542
-0.8909345766346615
-0.8883482944565397
-0.8902701668430735
-0.8873198593051401
-0.8891663392655365
-0.887787959450554
-0.8911379356853684
-0.8877919104753742
-0.8861936748910717
-0.8862901063417428
-0.8878646944646666
-0.8908141520067911
-0.8909533217371786
-0.8892066822850033
-0.8905685303433892
-0.887769836891404
-0.8897172932576907
-0.8857197496657223
-0.889340292075179
-0.8897774274608723
-0.8869599110843589
-0.8881913309576772
-0.888661270120223
-0.8875402713175777
-0.8863360262265665
-0.8898175457819821
-0.8897616223399605
-0.8874343119767287
-0.8854749324600153
-0.8888284190906122
-0.887415713750558
-0.8891460033604655
-0.8846492793540697
-0.887326433042652
-0.8889750502416023
-0.888372763300759
-0.8853179689611532
-0.8848219701518334
-0.8909158315321446
-0.8856522318639488
-0.8899676704036086
-0.889038124426389
-0.8905169814640197
-0.889558807433124
-0.8895444555835814
-0.8905091134307308
-0.8897802205661312
-0.8883915084032761
-0.8899931075070153
-0.8891331288759976
-0.8879622410508712
-0.8906895018692156
-0.886400051745394
-0.8870986051477252
-0.8884550582550832
-0.8905669395408353
-0.8879963249524403
-0.8873566256285748
-0.889079271903551
-0.8896208618070194
-0.8877717564846324
-0.8886032802086272
-0.8889912532075237
-0.8879136321531065
-0.8892942253140093
-0.8900440525333404
-0.8900185276852766
-0.8860762680668173
-0.8880038641950541
-0.8907452072039561
-0.8886453959449763
